F-Size	f-Income
5	22015.0
4	16713.0
4	6848.0
3	24226.0
2	40474.0
7	21848.0
2	27027.0
1	13813.0
3	5764.0
4	5260.0
2	15037.0
3	9842.0
4	8375.0
4	12826.0
2	18009.0
2	6398.0
6	10573.0
2	28172.0
5	7728.0
3	20451.0
1	10385.0
2	17391.0
3	22918.0
1	19178.0
2	20859.0
5	7439.0
3	23106.0
1	8639.0
3	15071.0
2	15061.0
4	16871.0
3	15666.0
4	8677.0
5	6736.0
2	20478.0
3	14525.0
3	23522.0
6	12942.0
2	6552.0
2	21462.0
3	10997.0
2	15705.0
3	9573.0
3	30132.0
4	8536.0
5	11179.0
2	13966.0
3	7663.0
4	15615.0
2	29647.0
5	10355.0
3	16128.0
5	3344.0
4	12980.0
3	11317.0
8	8788.0
4	22736.0
4	11242.0
3	12111.0
3	10959.0
2	5073.0
4	7512.0
1	21408.0
2	4605.0
2	9020.0
4	10836.0
4	31667.0
3	19442.0
3	10015.0
4	25421.0
3	9138.0
2	21928.0
7	6706.0
2	22643.0
3	10802.0
5	7911.0
5	11873.0
4	15205.0
1	10333.0
2	17462.0
3	9887.0
3	18052.0
2	16513.0
1	12838.0
1	10613.0
2	14278.0
4	17430.0
4	37131.0
2	21177.0
3	21568.0
1	62063.0
3	17133.0
2	16867.0
2	18824.0
8	7989.0
5	10599.0
3	10274.0
3	18300.0
3	12131.0
3	14183.0
5	22805.0
6	20384.0
4	12207.0
2	9466.0
1	23357.0
2	19494.0
4	5925.0
5	11316.0
2	14378.0
3	19542.0
5	20868.0
4	15255.0
2	17738.0
5	13667.0
4	9447.0
2	11614.0
3	13362.0
6	13008.0
5	5153.0
3	10848.0
3	13613.0
4	11497.0
4	11698.0
3	16895.0
3	7714.0
4	5861.0
2	11119.0
2	19398.0
4	30791.0
1	19574.0
1	6349.0
1	11783.0
4	15049.0
1	14465.0
6	17335.0
2	8365.0
5	13672.0
3	16333.0
4	20005.0
2	8844.0
4	11136.0
3	3422.0
4	9698.0
5	10181.0
3	7947.0
3	14379.0
2	12870.0
3	4274.0
4	14742.0
3	8318.0
3	16876.0
5	6969.0
4	13435.0
4	11487.0
6	15403.0
3	14087.0
1	11649.0
2	6136.0
2	6321.0
2	9882.0
2	13181.0
4	9763.0
2	18096.0
5	11510.0
5	8167.0
3	11516.0
4	14819.0
4	15571.0
2	33875.0
4	9471.0
3	12758.0
2	16380.0
4	13081.0
4	10303.0
3	6097.0
3	10250.0
7	7734.0
4	5579.0
2	8889.0
4	7838.0
2	17725.0
4	17879.0
1	8420.0
5	11620.0
8	5223.0
7	10335.0
4	16160.0
1	19998.0
6	9264.0
2	22402.0
5	6200.0
2	7090.0
2	18877.0
6	30539.0
4	16941.0
3	12971.0
4	4413.0
4	4811.0
3	14121.0
3	11064.0
5	7611.0
2	13676.0
5	14020.0
3	21230.0
2	14171.0
2	24471.0
3	13288.0
5	12493.0
3	22542.0
6	8112.0
2	54111.0
3	15969.0
5	16013.0
6	17212.0
2	33854.0
5	19676.0
2	5929.0
1	26711.0
2	11160.0
3	13964.0
1	6979.0
2	17222.0
1	9554.0
3	13916.0
3	11482.0
2	34675.0
1	35683.0
3	13547.0
4	13666.0
2	10980.0
3	23017.0
3	11227.0
3	10720.0
1	21596.0
3	10110.0
2	12988.0
2	6000.0
3	18825.0
2	34951.0
3	18987.0
5	27502.0
5	8667.0
4	14896.0
2	8256.0
1	11810.0
2	19477.0
3	13927.0
5	6528.0
2	6855.0
2	6632.0
2	16925.0
1	37170.0
3	26169.0
5	5126.0
1	26947.0
4	21145.0
1	6109.0
4	11372.0
4	22897.0
6	17432.0
1	6875.0
4	17966.0
4	4542.0
3	11839.0
4	23388.0
5	13358.0
4	10311.0
4	20653.0
3	21554.0
5	25491.0
4	20498.0
4	22735.0
3	19098.0
3	15116.0
3	13841.0
4	11754.0
2	7216.0
3	8206.0
5	11494.0
2	14935.0
7	27215.0
2	12961.0
2	21866.0
4	22712.0
2	11788.0
5	17822.0
4	11717.0
4	25646.0
3	18193.0
3	7295.0
5	14349.0
2	30189.0
5	12088.0
4	16558.0
2	17392.0
4	7879.0
3	17089.0
1	6590.0
3	9678.0
4	22671.0
5	15822.0
3	11365.0
1	16548.0
6	12843.0
4	13319.0
3	18385.0
2	9198.0
2	13505.0
4	11321.0
4	5987.0
3	8351.0
3	29006.0
7	16045.0
5	6825.0
5	6124.0
3	12513.0
2	28904.0
4	12055.0
2	25452.0
5	15784.0
2	16754.0
4	6784.0
5	21157.0
4	11193.0
2	20383.0
4	8807.0
5	14461.0
3	15784.0
9	12254.0
3	16205.0
3	11584.0
4	9565.0
1	29552.0
4	22370.0
2	9045.0
3	17589.0
2	9128.0
4	7317.0
3	22201.0
3	5642.0
3	21044.0
7	11663.0
1	11906.0
5	16247.0
1	17702.0
6	8753.0
4	18953.0
4	14008.0
2	7060.0
1	12157.0
1	26416.0
1	30622.0
3	18950.0
3	7296.0
4	16918.0
2	20259.0
3	19029.0
5	19602.0
2	15873.0
2	12764.0
1	9762.0
2	5121.0
4	15687.0
5	14526.0
3	17494.0
4	6778.0
4	18276.0
1	36997.0
3	13765.0
5	12833.0
3	15448.0
3	36588.0
1	7931.0
4	14652.0
5	8871.0
3	10066.0
3	12911.0
2	25971.0
2	32589.0
3	16562.0
1	10962.0
2	46066.0
5	10686.0
2	9946.0
2	5446.0
6	26613.0
4	21484.0
4	44371.0
4	6604.0
2	27452.0
2	13708.0
2	19810.0
3	5803.0
5	27589.0
3	19617.0
4	12980.0
3	18277.0
3	9024.0
3	9904.0
5	10496.0
1	5238.0
5	20370.0
1	24024.0
3	9318.0
5	15754.0
4	11589.0
3	15598.0
7	9669.0
4	8507.0
6	22405.0
3	12819.0
4	36401.0
2	13546.0
4	8327.0
4	24453.0
3	18147.0
2	19040.0
2	24013.0
5	9547.0
5	12419.0
1	12147.0
4	6939.0
4	11600.0
3	25829.0
1	14904.0
3	6749.0
4	6077.0
1	30442.0
3	12651.0
3	9573.0
7	11540.0
7	6320.0
3	26975.0
2	10872.0
1	26233.0
5	13582.0
2	27062.0
6	15049.0
1	20283.0
2	18966.0
4	18079.0
4	15752.0
4	11780.0
2	34509.0
5	8407.0
4	13264.0
3	13334.0
3	16187.0
4	10676.0
4	15493.0
1	12163.0
3	5998.0
1	13299.0
5	7631.0
6	5557.0
4	14173.0
5	16894.0
3	17226.0
2	17578.0
3	5033.0
3	6699.0
3	35527.0
5	7838.0
2	17966.0
2	9386.0
2	13774.0
2	9641.0
2	17529.0
6	14173.0
2	10576.0
2	7826.0
2	15133.0
3	7215.0
2	16392.0
3	49254.0
9	26008.0
3	18959.0
1	12680.0
3	5017.0
4	6830.0
7	25146.0
3	8915.0
4	9328.0
2	12183.0
1	7780.0
5	7164.0
3	12905.0
3	8473.0
3	9135.0
4	8953.0
4	17188.0
3	11784.0
3	12104.0
3	17842.0
1	12327.0
4	11515.0
2	16748.0
6	18490.0
3	12296.0
3	13780.0
2	8951.0
2	8604.0
5	19447.0
2	16535.0
3	16621.0
3	15232.0
1	13545.0
3	18752.0
5	21131.0
1	20880.0
5	12584.0
7	26492.0
4	14838.0
3	18161.0
5	15242.0
4	14976.0
8	9159.0
2	18799.0
4	54952.0
4	10972.0
5	13714.0
1	10587.0
3	10368.0
2	28663.0
3	9452.0
3	10440.0
6	5981.0
4	9060.0
1	5630.0
6	18156.0
3	53713.0
5	11017.0
5	5749.0
2	20763.0
2	9200.0
2	25355.0
3	11493.0
7	9648.0
3	12108.0
3	19337.0
3	11812.0
3	10323.0
3	11982.0
5	7004.0
5	16144.0
4	5414.0
3	10598.0
2	19353.0
4	15402.0
6	17783.0
4	12811.0
5	23763.0
3	21021.0
2	16545.0
1	21051.0
4	19266.0
2	10623.0
3	6756.0
3	16333.0
4	17394.0
5	22839.0
2	8285.0
8	8410.0
4	16660.0
6	12772.0
4	5152.0
4	15968.0
2	5239.0
3	8248.0
3	26028.0
2	32981.0
3	7204.0
1	11224.0
2	13521.0
3	32268.0
3	10343.0
3	10426.0
3	28725.0
2	10972.0
6	18996.0
3	6321.0
1	12149.0
3	5769.0
6	7805.0
2	20141.0
3	12909.0
3	11282.0
4	9100.0
2	11852.0
3	15387.0
6	21643.0
5	3559.0
3	8730.0
5	14332.0
4	12597.0
3	16195.0
4	15131.0
5	11363.0
4	10168.0
3	11705.0
4	23515.0
7	9176.0
3	12826.0
3	14507.0
2	28892.0
3	11389.0
2	21383.0
4	24515.0
1	12820.0
3	11911.0
4	11226.0
1	11645.0
3	20293.0
2	14857.0
2	14889.0
5	7538.0
3	8157.0
3	38679.0
3	12109.0
4	8982.0
3	27083.0
1	15239.0
4	17675.0
5	12352.0
4	11285.0
5	12159.0
2	6626.0
2	12666.0
3	15348.0
2	33406.0
4	13817.0
4	4117.0
2	12627.0
2	52119.0
3	20417.0
7	8821.0
2	17790.0
2	9131.0
2	6723.0
3	11118.0
2	13855.0
2	5187.0
2	7448.0
3	13304.0
2	10791.0
1	16126.0
5	7208.0
4	18919.0
6	7320.0
2	30108.0
3	5609.0
2	7662.0
5	16309.0
3	30434.0
3	15495.0
4	17540.0
3	13352.0
3	7920.0
2	10357.0
4	7218.0
5	6980.0
2	16182.0
5	7545.0
3	15530.0
3	6900.0
3	15351.0
3	10364.0
2	26753.0
4	15562.0
3	24562.0
4	9069.0
4	13612.0
3	8101.0
3	10761.0
2	11609.0
1	9205.0
4	7205.0
4	6525.0
3	4105.0
2	7802.0
2	18117.0
2	5948.0
3	6675.0
4	32425.0
6	9626.0
5	15542.0
2	18252.0
6	18437.0
4	6179.0
4	11790.0
2	5890.0
3	45008.0
1	5959.0
4	7835.0
5	7864.0
1	6259.0
2	26040.0
1	44474.0
6	10432.0
3	6836.0
4	4322.0
2	11714.0
3	11298.0
4	9555.0
1	14785.0
2	16129.0
3	15557.0
3	11299.0
4	7627.0
4	18468.0
2	13318.0
2	20643.0
4	19652.0
3	6498.0
1	6458.0
1	9069.0
4	7802.0
5	19313.0
2	15779.0
5	22939.0
3	16139.0
3	14692.0
2	24122.0
3	16742.0
2	13694.0
3	27760.0
1	14020.0
1	11366.0
3	8703.0
2	18815.0
4	24577.0
4	12905.0
2	25464.0
6	4939.0
3	12873.0
6	12972.0
2	9200.0
2	43623.0
3	12804.0
2	10793.0
3	13408.0
7	4859.0
6	9049.0
3	21646.0
4	9662.0
4	8742.0
6	25485.0
2	25880.0
4	17142.0
3	10540.0
4	11741.0
5	8851.0
1	8046.0
2	7849.0
4	9715.0
2	7887.0
5	6053.0
4	14771.0
5	14884.0
3	30995.0
5	9474.0
6	15349.0
2	15477.0
3	11657.0
3	19207.0
2	19507.0
4	15591.0
8	11646.0
5	11067.0
4	6676.0
3	8843.0
3	9696.0
3	7542.0
5	16494.0
3	24085.0
5	8403.0
2	15252.0
1	7889.0
3	11363.0
6	9370.0
3	17886.0
1	9424.0
2	21956.0
2	11704.0
3	9563.0
5	7070.0
2	15023.0
2	20714.0
5	15175.0
3	40570.0
2	27065.0
3	11348.0
5	11288.0
2	16741.0
8	8702.0
3	23722.0
2	15860.0
1	15047.0
5	18664.0
2	31339.0
4	14417.0
5	12508.0
8	28155.0
4	21477.0
3	11272.0
2	13270.0
4	14594.0
4	15862.0
4	6714.0
4	6117.0
4	8490.0
3	8168.0
3	9590.0
6	18182.0
2	12163.0
5	14602.0
5	7173.0
4	10506.0
2	17756.0
3	17824.0
2	9211.0
4	14350.0
2	39767.0
3	13119.0
3	9356.0
3	12133.0
3	13860.0
4	12271.0
4	13029.0
3	6428.0
2	8176.0
4	12282.0
7	12185.0
2	9970.0
2	12114.0
6	13646.0
3	20653.0
4	12594.0
2	16160.0
2	10094.0
3	17622.0
5	15973.0
2	20411.0
6	18913.0
5	17769.0
2	12599.0
2	14961.0
3	22533.0
1	9551.0
3	9665.0
1	14493.0
3	16292.0
4	8763.0
1	12749.0
5	12627.0
4	4369.0
6	11858.0
2	12233.0
4	12215.0
3	26878.0
1	7204.0
4	8761.0
6	3582.0
4	10405.0
2	10858.0
2	10255.0
4	23037.0
3	20358.0
2	13761.0
2	10995.0
3	22116.0
2	13105.0
3	8789.0
2	5608.0
3	10613.0
3	19307.0
3	41343.0
4	13650.0
3	9025.0
5	7316.0
4	17445.0
4	5474.0
3	17431.0
3	19926.0
3	16464.0
4	11858.0
3	17559.0
5	14417.0
1	8967.0
2	33405.0
4	11100.0
3	19512.0
5	3946.0
3	25067.0
2	27598.0
1	13434.0
5	17504.0
3	17502.0
2	9595.0
3	17403.0
2	8831.0
8	9760.0
2	23260.0
2	21553.0
2	9295.0
2	9169.0
5	9582.0
4	19095.0
2	8025.0
4	15821.0
1	19232.0
3	12664.0
1	21939.0
6	11366.0
3	11892.0
2	8117.0
4	22017.0
2	9019.0
4	15766.0
2	12771.0
2	7816.0
4	9758.0
3	26437.0
7	14640.0
4	7988.0
5	15420.0
2	12302.0
3	74518.0
3	15265.0
3	10940.0
3	26933.0
7	5269.0
3	13875.0
2	35901.0
4	12488.0
8	5560.0
1	10857.0
1	27402.0
3	15975.0
5	8699.0
4	9394.0
3	10003.0
5	15857.0
3	25853.0
2	22409.0
3	16627.0
3	6798.0
5	6811.0
1	17282.0
4	6751.0
3	11823.0
3	15411.0
6	7491.0
1	7928.0
3	12626.0
2	17028.0
1	22511.0
1	17932.0
5	13732.0
4	9112.0
2	7745.0
7	10250.0
3	16248.0
4	15663.0
2	4629.0
1	8933.0
3	24180.0
2	13770.0
1	6514.0
4	43016.0
2	13045.0
5	16042.0
4	16164.0
1	11012.0
2	9197.0
5	38260.0
3	21863.0
2	19968.0
5	17659.0
4	8012.0
3	25080.0
2	8680.0
2	15251.0
3	5828.0
5	4767.0
2	15520.0
6	8829.0
3	4892.0
2	17346.0
3	38230.0
1	26526.0
2	11636.0
3	13294.0
4	20636.0
7	23204.0
3	11145.0
2	13464.0
2	15383.0
3	17462.0
2	12383.0